0.000000000000000000e+00
2.500000000000000139e-02
7.499999999999999722e-02
1.250000000000000000e-01
1.749999999999999889e-01
2.249999999999999778e-01
2.749999999999999667e-01
3.250000000000000111e-01
3.750000000000000000e-01
4.249999999999999889e-01
4.749999999999999778e-01
5.249999999999999112e-01
5.749999999999999556e-01
6.250000000000000000e-01
6.749999999999999334e-01
7.249999999999999778e-01
7.749999999999999112e-01
8.249999999999999556e-01
8.750000000000000000e-01
9.249999999999999334e-01
9.749999999999999778e-01
1.000000000000000000e+00
