8.205128205128204844e-01
2.420512820512820407e-01
2.125641025641025750e-01
1.748717948717949111e-01
1.866666666666667029e-01
1.923076923076923461e-01
2.028205128205126384e-01
2.179487179487180071e-01
2.489743589743590169e-01
2.930769230769231237e-01
3.679487179487184734e-01
5.007692307692303002e-01
5.843589743589737706e-01
6.551282051282060204e-01
7.848717948717942594e-01
9.156410256410268955e-01
1.146153846153845191e+00
1.660769230769229221e+00
2.700512820512824153e+00
5.211538461538457234e+00
6.181538461538456097e+00
