3.267571064540552239e+00
8.322476736813567699e-01
2.018850313108903893e-01
6.201348536689314100e-02
2.682147158200927362e-02
1.644813631750147859e-02
1.105370996983166647e-02
8.291934625091756939e-03
6.580501553022947633e-03
5.447846483318222362e-03
4.638581679114345616e-03
4.044293226728164908e-03
3.581418488211172719e-03
3.220069627898549010e-03
2.940563910979255343e-03
2.707883109738743171e-03
2.520775616178117483e-03
2.362766127704945662e-03
2.233823789419515232e-03
2.127608628684434823e-03
2.036073605949733755e-03
1.958249421002733557e-03
1.893425894967144460e-03
1.838705955535428717e-03
1.794450930931343249e-03
1.753907809816160172e-03
1.723794123300580530e-03
1.698683005281725455e-03
1.678691274993541994e-03
1.663860027967333823e-03
1.655421743201594686e-03
