8.056410256410256876e-01
2.443589743589743568e-01
2.174358974358974461e-01
1.779487179487179993e-01
1.769230769230769607e-01
1.961538461538462064e-01
1.974358974358972618e-01
2.189743589743590180e-01
2.497435897435897889e-01
2.948717948717949344e-01
3.669230769230774070e-01
4.969230769230764677e-01
5.874358974358968588e-01
6.638461538461546407e-01
7.776923076923070166e-01
9.243589743589756269e-01
1.138461538461537526e+00
1.662820512820511354e+00
2.703333333333337141e+00
5.207435897435892969e+00
6.188205128205122918e+00
