3.262872699970646106e+00
8.305333745964952330e-01
2.012469283067950254e-01
6.161956058252190949e-02
2.655332325961111059e-02
1.634690952680823914e-02
1.098977455460521842e-02
8.229234274258685408e-03
6.537744605625214755e-03
5.411696389939221231e-03
4.609508449731236635e-03
4.019099727047329394e-03
3.560831438152226285e-03
3.200939086671016585e-03
2.923307747653807343e-03
2.692632394515587224e-03
2.506598307796113322e-03
2.350344831391563104e-03
2.221697806464179633e-03
2.116659405232190587e-03
2.025869639330375987e-03
1.948194093381516376e-03
1.883706834645370361e-03
1.830031448204910227e-03
1.785703359120726025e-03
1.745259409197356427e-03
1.715168961074874402e-03
1.690232784546645810e-03
1.670772678490721344e-03
1.655629087620110644e-03
1.647669232240486867e-03
