2.449746323996066649e-02
4.899492647992133298e-02
7.349238971988200642e-02
9.798985295984266597e-02
1.224873161998033255e-01
1.469847794397640128e-01
1.714822426797246724e-01
1.959797059196853319e-01
2.204771691596459915e-01
2.449746323996066510e-01
2.694720956395673106e-01
2.939695588795280257e-01
3.184670221194886852e-01
3.429644853594493448e-01
3.674619485994100043e-01
3.919594118393706639e-01
4.164568750793313234e-01
4.409543383192919830e-01
4.654518015592526425e-01
4.899492647992133021e-01
5.144467280391740172e-01
5.389441912791346212e-01
5.634416545190953363e-01
5.879391177590560513e-01
6.124365809990166554e-01
6.369340442389773704e-01
6.614315074789379745e-01
6.859289707188986895e-01
7.104264339588592936e-01
7.349238971988200086e-01
7.594213604387806127e-01
7.839188236787413278e-01
8.084162869187020428e-01
8.329137501586626469e-01
8.574112133986233619e-01
8.819086766385839660e-01
9.064061398785446810e-01
9.309036031185052851e-01
9.554010663584660001e-01
9.798985295984266042e-01
1.004395992838387430e+00
1.028893456078348034e+00
1.053390919318308638e+00
1.077888382558269242e+00
1.102385845798230068e+00
1.126883309038190673e+00
1.151380772278151277e+00
1.175878235518112103e+00
1.200375698758072707e+00
1.224873161998033311e+00
1.249370625237993915e+00
1.273868088477954741e+00
1.298365551717915345e+00
1.322863014957875949e+00
1.347360478197836553e+00
1.371857941437797379e+00
1.396355404677757983e+00
1.420852867917718587e+00
1.445350331157679413e+00
1.469847794397640017e+00
1.494345257637600621e+00
1.518842720877561225e+00
1.543340184117522051e+00
