5.584471955397888543e+00
2.703247215537010639e+00
1.254222372707863853e+00
5.860880014313966102e-01
2.647442473646368089e-01
1.260685443994809807e-01
6.425874006916888759e-02
3.550261320286957761e-02
2.168864071496489840e-02
1.473535990696487122e-02
1.072121272843107147e-02
8.307873278184781107e-03
6.710205001421245402e-03
5.617635435292341398e-03
4.853436466949623100e-03
4.240608942990281224e-03
3.776747516944165863e-03
3.392359840769936484e-03
3.078338425758334745e-03
2.817268729977501565e-03
2.598882616256842706e-03
2.404578385282981831e-03
2.239913829084871997e-03
2.096953010105258568e-03
1.970184339145251637e-03
1.860955312816298980e-03
1.761866681984927251e-03
1.674769534525699091e-03
1.596120066487603968e-03
1.526267971409090091e-03
1.462922181880281633e-03
1.405934905794493190e-03
1.354752647848390902e-03
1.307688165225906300e-03
1.265153558817638628e-03
1.226648410887494055e-03
1.191321333598200022e-03
1.159397960360745734e-03
1.129535197276845988e-03
1.102033729764587177e-03
1.077112230074725192e-03
1.055413387903765803e-03
1.033880929644879132e-03
1.014345809318431763e-03
9.965116715759316391e-04
9.805312953574747865e-04
9.655743950036359963e-04
9.519609612116341178e-04
9.393225720339784838e-04
9.280163440954392485e-04
9.176324498954432050e-04
9.083377404569577393e-04
8.997422105522653261e-04
8.918636922222473052e-04
8.849497880570956002e-04
8.790076663284752609e-04
8.738824842471690354e-04
8.690346047229659037e-04
8.651815326124913516e-04
8.621843482321900429e-04
8.594462905759178576e-04
8.574348935054492251e-04
8.560939029065301863e-04
