1.182228682170542555e+00
2.589341085271317788e-01
2.033139534883720845e-01
1.871220930232558310e-01
1.890503875968992664e-01
1.931589147286822405e-01
2.040891472868215373e-01
2.138759689922481166e-01
2.332073643410853270e-01
2.556492248062016137e-01
2.857751937984500112e-01
3.291763565891470122e-01
3.812693798449608984e-01
4.555717054263572208e-01
5.567926356589142367e-01
6.945058139534893149e-01
9.149709302325573779e-01
1.331550387596898144e+00
2.313091085271321123e+00
5.298604651162786006e+00
9.818352713178285285e+00
