3.289755717940512358e+00
8.364705932110623188e-01
2.024079876756484098e-01
6.209778391801978187e-02
2.672904443928753038e-02
1.652230627811799094e-02
1.105481536818860369e-02
8.320308664916819738e-03
6.592701788757059089e-03
5.464711791710804255e-03
4.650326514699762610e-03
4.060413752871622380e-03
3.593823570080440215e-03
3.232047632116685863e-03
2.951348926334541097e-03
2.721453311501800462e-03
2.532107777038641785e-03
2.373899464345049452e-03
2.245832957844763264e-03
2.139195593030067746e-03
2.046004532178501926e-03
1.968620998173571061e-03
1.902750011215613652e-03
1.849518766829570844e-03
1.803998055824473966e-03
1.764135728359203688e-03
1.734444845606801728e-03
1.708000531857933229e-03
1.687676740449738349e-03
1.673420562168302260e-03
1.665259705250748306e-03
