4.899492647992133298e-02
9.798985295984266597e-02
1.469847794397640128e-01
1.959797059196853319e-01
2.449746323996066510e-01
2.939695588795280257e-01
3.429644853594493448e-01
3.919594118393706639e-01
4.409543383192919830e-01
4.899492647992133021e-01
5.389441912791346212e-01
5.879391177590560513e-01
6.369340442389773704e-01
6.859289707188986895e-01
7.349238971988200086e-01
7.839188236787413278e-01
8.329137501586626469e-01
8.819086766385839660e-01
9.309036031185052851e-01
9.798985295984266042e-01
1.028893456078348034e+00
1.077888382558269242e+00
1.126883309038190673e+00
1.175878235518112103e+00
1.224873161998033311e+00
1.273868088477954741e+00
1.322863014957875949e+00
1.371857941437797379e+00
1.420852867917718587e+00
1.469847794397640017e+00
1.518842720877561225e+00
