8.158974358974359076e-01
2.566666666666666541e-01
2.176923076923076850e-01
1.753846153846154443e-01
1.830769230769231370e-01
1.951282051282051677e-01
2.041025641025639159e-01
2.269230769230769773e-01
2.397435897435897800e-01
2.976923076923077560e-01
3.579487179487184090e-01
4.992307692307687561e-01
5.769230769230764277e-01
6.564102564102572979e-01
7.753846153846147837e-01
9.210256410256423276e-01
1.131025641025640072e+00
1.649999999999998579e+00
2.671025641025644770e+00
5.221538461538457021e+00
6.270256410256404678e+00
